# 순서대로 정렬하기 - arrange()

library(dplyr)
exam <- read.csv("Data/csv_exam.csv")
exam

#    id class math english science
# 1   1     1   50      98      50
# 2   2     1   60      97      60
# 3   3     1   45      86      78
# 4   4     1   30      98      58
# 5   5     2   25      80      65
# 6   6     2   50      89      98
# 7   7     2   80      90      45
# 8   8     2   90      78      25
# 9   9     3   20      98      15
# 10 10     3   50      98      45
# 11 11     3   65      65      65
# 12 12     3   45      85      32
# 13 13     4   46      98      65
# 14 14     4   48      87      12
# 15 15     4   75      56      78
# 16 16     4   58      98      65
# 17 17     5   65      68      98
# 18 18     5   80      78      90
# 19 19     5   89      68      87
# 20 20     5   78      83      58


#------------------------------
## 오름차순으로 정렬하기

exam %>% arrange(math) #math 오름차순 정렬

#    id class math english science
# 1   9     3   20      98      15
# 2   5     2   25      80      65
# 3   4     1   30      98      58
# 4   3     1   45      86      78
# 5  12     3   45      85      32
# 6  13     4   46      98      65
# 7  14     4   48      87      12
# 8   1     1   50      98      50
# 9   6     2   50      89      98
# 10 10     3   50      98      45
# 11 16     4   58      98      65
# 12  2     1   60      97      60
# 13 11     3   65      65      65
# 14 17     5   65      68      98
# 15 15     4   75      56      78
# 16 20     5   78      83      58
# 17  7     2   80      90      45
# 18 18     5   80      78      90
# 19 19     5   89      68      87
# 20  8     2   90      78      25


#------------------------------
## 내림차순으로 정렬하기

exam %>% arrange(desc(math)) #math 내림차순 정렬

#    id class math english science
# 1   8     2   90      78      25
# 2  19     5   89      68      87
# 3   7     2   80      90      45
# 4  18     5   80      78      90
# 5  20     5   78      83      58
# 6  15     4   75      56      78
# 7  11     3   65      65      65
# 8  17     5   65      68      98
# 9   2     1   60      97      60
# 10 16     4   58      98      65
# 11  1     1   50      98      50
# 12  6     2   50      89      98
# 13 10     3   50      98      45
# 14 14     4   48      87      12
# 15 13     4   46      98      65
# 16  3     1   45      86      78
# 17 12     3   45      85      32
# 18  4     1   30      98      58
# 19  5     2   25      80      65
# 20  9     3   20      98      15


#------------------------------
## 정렬 기준 변수 여러개 지정하기

exam %>% arrange(class, math) # class->math 기준준 오름차순 정렬

#    id class math english science
# 1   4     1   30      98      58
# 2   3     1   45      86      78
# 3   1     1   50      98      50
# 4   2     1   60      97      60
# 5   5     2   25      80      65
# 6   6     2   50      89      98
# 7   7     2   80      90      45
# 8   8     2   90      78      25
# 9   9     3   20      98      15
# 10 12     3   45      85      32
# 11 10     3   50      98      45
# 12 11     3   65      65      65
# 13 13     4   46      98      65
# 14 14     4   48      87      12
# 15 16     4   58      98      65
# 16 15     4   75      56      78
# 17 17     5   65      68      98
# 18 20     5   78      83      58
# 19 18     5   80      78      90
# 20 19     5   89      68      87

